python main.py test -ld -dp=./datas_10.pkl  -lm -mp=./model_10/model_99.pkl
python main.py generate -g -gp=./datas_10.pkl -gn=10
python main.py train -ld -dp=./datas_10.pkl -cpp=./model_10/ -bs=3 -ep=100





reload 時出現問題
https://discuss.pytorch.org/t/understanding-how-torch-nn-module-works/122/4
因為自己定義的variable不會出現在state_dict裡面

test
(tensor([[  6,  12,   0]]), tensor([[ 13]]), tensor([[ 8,  3,  9]]), tensor([ 2]), tensor([ 3]), tensor([[ 1,  1,  0]]), tensor([[ 1,  1,  1]]))
weight_ih_l0 tensor([[-0.2181, -0.0691, -0.0992,  ...,  0.3069, -0.0631,  0.0210],
        [ 0.1476,  0.2169, -0.4206,  ..., -0.1157,  0.0862,  0.3218],
        [ 0.0732,  0.0587,  0.0107,  ..., -0.0837, -0.0273, -0.0344],
        ...,
        [ 0.0121, -0.1929, -0.2233,  ...,  0.2182, -0.0680, -0.0550],
        [-0.2048, -0.0214,  0.1797,  ...,  0.1870, -0.1765, -0.0506],
        [-0.0027,  0.2359, -0.2549,  ...,  0.3895,  0.0827,  0.3928]])
weight_hh_l0 tensor([[-0.0683, -0.0913,  0.3700,  ...,  0.1003, -0.0537, -0.0820],
        [ 0.1400,  0.0034,  0.1934,  ...,  0.0055, -0.2442,  0.0103],
        [ 0.3636,  0.0056,  0.2153,  ...,  0.0342,  0.1522,  0.3256],
        ...,
        [-0.3042,  0.1682,  0.0912,  ..., -0.0280,  0.4693,  0.0783],
        [ 0.2530,  0.1363,  0.2089,  ...,  0.2787, -0.0399, -0.1121],
        [ 0.3476,  0.0820,  0.0068,  ...,  0.0969,  0.2918,  0.3828]])
bias_ih_l0 tensor([ 0.1785,  0.0606,  0.1377,  0.1229,  0.0340,  0.2159,  0.0708,
         0.1031, -0.1442,  0.0340, -0.0954,  0.2230,  0.0089,  0.0342,
        -0.0873, -0.2432, -0.0849,  0.0538,  0.1770,  0.0402,  0.0554,
         0.2293,  0.0588, -0.0255, -0.0579, -0.0029,  0.1721,  0.2412,
        -0.0494,  0.1097,  0.0318,  0.0993,  0.1295,  0.1109, -0.1996,
         0.0398,  0.0545,  0.1480, -0.0319, -0.0247,  0.0468,  0.0825,
        -0.0885,  0.0513,  0.0021,  0.1746,  0.0958, -0.0614,  0.2039,
         0.2160, -0.0249, -0.0274, -0.0536, -0.0182, -0.1984, -0.0343,
        -0.1916, -0.0774, -0.0508, -0.1659, -0.0916, -0.0595,  0.0110,
         0.0755, -0.1381,  0.1413,  0.2061, -0.1975, -0.2174,  0.0926,
        -0.1724, -0.0497, -0.2176, -0.1606, -0.1090, -0.0661, -0.1352,
        -0.1022, -0.0014,  0.1778, -0.2743, -0.1490, -0.2837, -0.3001,
         0.1957, -0.1468, -0.0798, -0.2527, -0.0117, -0.0684, -0.0313,
        -0.1181, -0.2539, -0.1166, -0.0368, -0.1976, -0.1317,  0.0678,
        -0.2541, -0.1985,  0.1143, -0.0637,  0.0474,  0.0774,  0.1578,
         0.0596, -0.1728,  0.0926,  0.2028, -0.1558, -0.0941, -0.1489,
        -0.2852, -0.0479, -0.0685,  0.0089, -0.0586,  0.2045, -0.1180,
        -0.1019, -0.2074,  0.0648,  0.1559, -0.2500,  0.1490, -0.0299,
        -0.1173, -0.0648, -0.2065,  0.1507,  0.2028,  0.2703,  0.0333,
         0.1253, -0.0091,  0.1683, -0.1270,  0.2315, -0.0245,  0.2230,
         0.0935, -0.1452, -0.2314,  0.1032, -0.0583, -0.0956,  0.1137,
         0.2692,  0.2583,  0.0571])
bias_hh_l0 tensor([ 0.0225, -0.1887,  0.1531,  0.2152,  0.0309,  0.0631,  0.0793,
         0.1342, -0.1416,  0.0474,  0.0689,  0.0079,  0.2674,  0.1355,
         0.0474, -0.1862, -0.2500,  0.1286, -0.0285,  0.0366,  0.1827,
         0.0023, -0.1978, -0.0934, -0.0480,  0.0140,  0.1354,  0.1052,
        -0.0127, -0.0212, -0.1061,  0.2888,  0.1786,  0.1219,  0.0336,
         0.1064,  0.1531,  0.2127, -0.1212,  0.0762, -0.0561,  0.1844,
        -0.0797,  0.1971,  0.0199, -0.0442,  0.1095, -0.0721,  0.0963,
         0.1544, -0.0477, -0.0135, -0.1149, -0.1372, -0.0032, -0.0578,
        -0.1192,  0.0539, -0.1833, -0.1482, -0.1302, -0.2915, -0.0660,
         0.1660,  0.0188,  0.1650,  0.1268, -0.1252, -0.0721, -0.0737,
        -0.2357,  0.0128, -0.1522, -0.1020, -0.2122,  0.0096,  0.0451,
        -0.2557,  0.0986,  0.1029, -0.0312, -0.2405, -0.2201, -0.2662,
         0.0024, -0.1316, -0.2869, -0.1369,  0.1149, -0.0577,  0.1481,
        -0.1142, -0.0595, -0.2846, -0.1332, -0.0614, -0.0825, -0.0814,
        -0.0448, -0.1742,  0.1434, -0.0556,  0.0815,  0.2598,  0.1474,
         0.2115, -0.2440, -0.1046,  0.0672, -0.1998, -0.2724, -0.2248,
        -0.0431, -0.0244,  0.0342,  0.0769, -0.0270,  0.1442, -0.0600,
        -0.2319, -0.1906,  0.1604,  0.0619, -0.2233,  0.0132, -0.1253,
        -0.0075, -0.0505, -0.0135,  0.0919,  0.0153,  0.2440,  0.1772,
         0.1332, -0.0796,  0.2141, -0.1227,  0.0203, -0.0433,  0.0134,
        -0.0101, -0.0656, -0.1004,  0.1307, -0.1018,  0.0012,  0.0616,
         0.1209,  0.2296,  0.0883])
context
tensor([[-0.0297,  0.0785, -0.1278,  0.1050,  0.3157, -0.2188,  0.3453,
         -0.7307, -0.5949,  0.2316,  0.5637,  0.0461,  0.0807, -0.3393,
         -0.4841, -0.5054, -0.6097,  0.4786,  0.5019,  0.0100, -0.3919,
          0.0751,  0.2150, -0.1718,  0.0647,  0.5599,  0.8642, -0.4520,
         -0.0460, -0.7632, -0.1361, -0.2685, -0.4830, -0.6243, -0.4862,
          0.3612, -0.2946,  0.0819, -0.5863,  0.0630, -0.3809,  0.1282,
         -0.9633,  0.1045,  1.2275,  0.2732,  0.3380,  0.1834, -0.6268,
		  0.5304]])